
=== Test Matrix Kernel Batch ===
Initializing random data...
Computing Reference...
Computing HW Batch Kernel...
Verifying...
Max Error: 94032608 * 1e-4
[FAIL] Mismatch found.
Total failures: 16

=== Test Matrix Kernel Batch ===
Initializing random data...
Computing Reference...
Ref Output (Batch 0):
-584.777222 624.043823 -320.963409 528.902405 31.621891 -232.363220 448.294708 -154.708054
-685.872803 1860.457275 2230.858154 -414.116638 56.271763 1274.636719 187.223343 809.281067
695.295654 -618.208923 -70.077759 458.699524 -1189.625855 -1895.222046 -37.106064 -900.598328
472.150543 453.776001 -825.657471 -1113.819214 1859.599243 -1677.792236 65.973991 -3641.470947
-2033.746704 10.408364 947.932922 1577.342896 2369.409424 1507.417114 -3458.114746 1744.127686
15.630586 3340.374756 -154.648880 -1095.530640 -333.239471 -146.372620 739.811157 -502.157593
-434.439880 1700.181641 -21.693932 1116.871826 -3462.964600 -1875.567139 1493.725342 21.480953
1670.622681 -913.962769 259.717957 1623.822754 1997.313721 607.955444 937.134521 -346.490875

Computing HW Batch Kernel...
HW Output (Batch 0):
-584.777100 624.043579 -320.963318 528.902283 0.000000 0.000000 0.000000 0.000000
-685.872986 1860.457397 2230.858154 -414.117004 56.271744 1274.636719 187.223328 809.281067
695.295593 -618.208923 -70.077744 458.699493 0.000000 0.000000 0.000000 0.000000
472.150543 453.776062 -825.657471 -1113.819092 1859.599243 -1677.792114 65.973991 -3641.470947
-2033.747192 10.408371 947.932922 1577.343018 0.000000 0.000000 0.000000 0.000000
15.630653 3340.374756 -154.648895 -1095.530884 -333.239471 -146.372620 739.811157 -502.157593
-434.439911 1700.181641 -21.693930 1116.871948 0.000000 0.000000 0.000000 0.000000
1670.622803 -913.962524 259.717987 1623.822388 1997.313721 607.955322 937.134521 -346.490814

Verifying...
Max Error: 34629644 * 1e-4
[FAIL] Mismatch found.
Total failures: 16

=== Test Matrix Kernel Batch ===
Initializing random data...
Computing Reference...
Ref Output (Batch 0):
-0.852512 0.393929 -0.479232 0.145062 0.391546 1.346280 -0.778505 0.602493
0.679647 0.188008 -0.760559 0.460829 0.245254 -1.017690 0.587015 -0.459326
0.048884 -0.566873 0.614674 0.165463 0.836815 0.364505 -0.420828 0.191929
0.765609 0.084799 0.839706 -1.503752 -0.921488 -0.459730 0.735920 0.587569
0.238791 -1.244034 -1.104729 0.520738 -1.202651 -0.469064 0.657063 -0.497089
-1.243800 -0.773577 0.073233 1.395068 -1.352371 -0.542389 -0.232447 0.767782
-1.641124 -1.191350 -0.687212 -0.035351 -0.357316 0.998896 0.266388 1.829461
-0.113307 -0.608547 0.322356 1.533481 -0.121579 0.421883 0.940201 0.612116

Computing HW Batch Kernel...
HW Output (Batch 0):
-0.852512 0.393929 -0.479232 0.145063 0.000000 0.000000 0.000000 0.000000
0.679647 0.188008 -0.760559 0.460829 0.245254 -1.017690 0.587015 -0.459326
0.048884 -0.566873 0.614674 0.165463 0.000000 0.000000 0.000000 0.000000
0.765609 0.084799 0.839706 -1.503752 -0.921488 -0.459730 0.735920 0.587569
0.238791 -1.244034 -1.104729 0.520738 0.000000 0.000000 0.000000 0.000000
-1.243800 -0.773577 0.073233 1.395068 -1.352371 -0.542389 -0.232447 0.767782
-1.641124 -1.191350 -0.687212 -0.035351 0.000000 0.000000 0.000000 0.000000
-0.113307 -0.608547 0.322356 1.533481 -0.121579 0.421883 0.940201 0.612116

Verifying...
Max Error: 18294 * 1e-4
[FAIL] Mismatch found.
Total failures: 16

=== Test Matrix Kernel Batch ===
Initializing random data...
Computing Reference...
Ref Output (Batch 0):
-0.852512 0.393929 -0.479232 0.145062 0.391546 1.346280 -0.778505 0.602493
0.679647 0.188008 -0.760559 0.460829 0.245254 -1.017690 0.587015 -0.459326
0.048884 -0.566873 0.614674 0.165463 0.836815 0.364505 -0.420828 0.191929
0.765609 0.084799 0.839706 -1.503752 -0.921488 -0.459730 0.735920 0.587569
0.238791 -1.244034 -1.104729 0.520738 -1.202651 -0.469064 0.657063 -0.497089
-1.243800 -0.773577 0.073233 1.395068 -1.352371 -0.542389 -0.232447 0.767782
-1.641124 -1.191350 -0.687212 -0.035351 -0.357316 0.998896 0.266388 1.829461
-0.113307 -0.608547 0.322356 1.533481 -0.121579 0.421883 0.940201 0.612116

Computing HW Batch Kernel...
HW Output (Batch 0):
-0.852512 -1.050838 -0.116407 1.967119 0.417441 0.164133 -1.046456 -0.438027
-0.457223 -0.485386 -0.882760 0.942955 0.157884 0.329440 0.510596 -0.374779
0.391383 0.068490 -0.608541 -2.215708 1.464879 -1.432609 1.689798 0.237806
-0.740194 -0.767106 -0.853779 -0.055247 0.497125 0.914731 -0.315604 0.633128
0.662299 -0.426141 -1.373794 0.086828 0.182561 -0.204517 -0.507318 1.453309
-0.837358 -0.304441 0.166751 -0.139673 0.469654 2.067784 -0.145893 -0.927381
0.253829 -0.887126 0.016631 -0.952330 -0.935426 -0.276847 1.847147 -1.519273
0.553246 0.372079 1.303310 -1.053594 -0.437689 -1.211758 -0.232632 0.931572

Verifying...
Max Error: 40752 * 1e-4
[FAIL] Mismatch found.
Total failures: 229

=== Test Matrix Kernel Batch ===
Initializing random data...
Computing Reference...
Ref Output (Batch 0):
-0.852512 0.393929 -0.479232 0.145062 0.391546 1.346280 -0.778505 0.602493
0.679647 0.188008 -0.760559 0.460829 0.245254 -1.017690 0.587015 -0.459326
0.048884 -0.566873 0.614674 0.165463 0.836815 0.364505 -0.420828 0.191929
0.765609 0.084799 0.839706 -1.503752 -0.921488 -0.459730 0.735920 0.587569
0.238791 -1.244034 -1.104729 0.520738 -1.202651 -0.469064 0.657063 -0.497089
-1.243800 -0.773577 0.073233 1.395068 -1.352371 -0.542389 -0.232447 0.767782
-1.641124 -1.191350 -0.687212 -0.035351 -0.357316 0.998896 0.266388 1.829461
-0.113307 -0.608547 0.322356 1.533481 -0.121579 0.421883 0.940201 0.612116

Computing HW Batch Kernel...
HW Output (Batch 0):
-0.852512 -1.050838 -0.116407 1.967119 0.417441 0.164133 -1.046456 -0.438027
-0.457223 -0.485386 -0.882760 0.942955 0.157884 0.329440 0.510596 -0.374779
0.391383 0.068490 -0.608541 -2.215708 1.464879 -1.432609 1.689798 0.237806
-0.740194 -0.767106 -0.853779 -0.055247 0.497125 0.914731 -0.315604 0.633128
0.662299 -0.426141 -1.373794 0.086828 0.182561 -0.204517 -0.507318 1.453309
-0.837358 -0.304441 0.166751 -0.139673 0.469654 2.067784 -0.145893 -0.927381
0.253829 -0.887126 0.016631 -0.952330 -0.935426 -0.276847 1.847147 -1.519273
0.553246 0.372079 1.303310 -1.053594 -0.437689 -1.211758 -0.232632 0.931572

Verifying...
Max Error: 40752 * 1e-4
[FAIL] Mismatch found.
Total failures: 229

=== Test Matrix Kernel Batch ===
Initializing random data...
Computing Reference...
Ref Output (Batch 0):
-0.852512 0.393929 -0.479232 0.145062 0.391546 1.346280 -0.778505 0.602493
0.679647 0.188008 -0.760559 0.460829 0.245254 -1.017690 0.587015 -0.459326
0.048884 -0.566873 0.614674 0.165463 0.836815 0.364505 -0.420828 0.191929
0.765609 0.084799 0.839706 -1.503752 -0.921488 -0.459730 0.735920 0.587569
0.238791 -1.244034 -1.104729 0.520738 -1.202651 -0.469064 0.657063 -0.497089
-1.243800 -0.773577 0.073233 1.395068 -1.352371 -0.542389 -0.232447 0.767782
-1.641124 -1.191350 -0.687212 -0.035351 -0.357316 0.998896 0.266388 1.829461
-0.113307 -0.608547 0.322356 1.533481 -0.121579 0.421883 0.940201 0.612116

Computing HW Batch Kernel...
HW Output (Batch 0):
-0.852512 0.393929 -0.479232 0.145063 0.391546 1.346280 -0.778505 0.602493
0.679647 0.188008 -0.760559 0.460829 0.245254 -1.017690 0.587015 -0.459326
0.048884 -0.566873 0.614674 0.165463 0.836815 0.364505 -0.420828 0.191929
0.765609 0.084799 0.839706 -1.503752 -0.921488 -0.459730 0.735920 0.587569
0.238791 -1.244034 -1.104729 0.520738 -1.202651 -0.469063 0.657063 -0.497089
-1.243800 -0.773577 0.073233 1.395068 -1.352371 -0.542389 -0.232447 0.767782
-1.641124 -1.191350 -0.687212 -0.035351 -0.357316 0.998896 0.266388 1.829461
-0.113307 -0.608547 0.322356 1.533481 -0.121579 0.421883 0.940201 0.612116

Verifying...
Max Error: 0 * 1e-4
[PASS] Results match.
