[bare] model bytes: 60816028
[bare] tokenizer bytes: 433869
[bare] init_transformer_from_embedded...
[bare] build_tokenizer_from_embedded...
[bare] build_sampler...
[bare] generate...
Once upon a time firm obeyicks padlesles padleslesNobs 
[bare] tok/s: 0.117818
[bare] TTFT: 131004 ms
[bare] done.
[test] out
  [0]=1.555925
  [1]=-0.165605
  [2]=-0.505192
  [3]=-1.162611
  [4]=-0.358380
  [5]=-1.000268
  [6]=-1.430118
  [7]=-1.323619
  [8]=-0.274473
  [9]=-0.475320
  [10]=0.262682
  [11]=-0.981099
  [12]=1.114534
  [13]=1.432734
  [14]=1.273458
  [15]=0.341034
  [16]=-0.679054
  [17]=0.854994
  [18]=1.196250
  [19]=0.160109
  [20]=0.547702
  [21]=-0.056805
  [22]=1.361135
  [23]=-2.045745
  [24]=-0.342590
  [25]=0.171398
  [26]=-0.463200
  [27]=0.715678
  [28]=0.334010
  [29]=1.241740
  [30]=-0.321126
  [31]=0.625405
  [32]=0.810775
  [33]=0.136303
  [34]=0.329327
  [35]=1.106368
  [36]=-0.166091
  [37]=-1.815281
  [38]=0.222352
  [39]=-0.648785
  [40]=-0.899569
  [41]=0.372340
  [42]=-0.551442
  [43]=0.839420
  [44]=-0.387411
  [45]=1.340905
  [46]=0.545762
  [47]=1.840728
  [48]=-1.114908
  [49]=0.112516
  [50]=-1.115331
  [51]=-0.583015
  [52]=-0.202208
  [53]=1.522205
  [54]=1.215535
  [55]=0.104603
  [56]=-1.900248
  [57]=-1.275333
  [58]=-0.550448
  [59]=-0.020890
  [60]=0.341838
  [61]=1.258438
  [62]=-0.155045
  [63]=-0.537825
[test] ref
  [0]=1.555925
  [1]=-0.165605
  [2]=-0.505192
  [3]=-1.162611
  [4]=-0.358380
  [5]=-1.000268
  [6]=-1.430118
  [7]=-1.323619
  [8]=-0.274473
  [9]=-0.475320
  [10]=0.262682
  [11]=-0.981099
  [12]=1.114534
  [13]=1.432734
  [14]=1.273458
  [15]=0.341034
  [16]=-0.679054
  [17]=0.854994
  [18]=1.196250
  [19]=0.160109
  [20]=0.547702
  [21]=-0.056805
  [22]=1.361135
  [23]=-2.045745
  [24]=-0.342590
  [25]=0.171398
  [26]=-0.463200
  [27]=0.715678
  [28]=0.334010
  [29]=1.241740
  [30]=-0.321126
  [31]=0.625405
  [32]=0.810775
  [33]=0.136303
  [34]=0.329327
  [35]=1.106368
  [36]=-0.166091
  [37]=-1.815281
  [38]=0.222352
  [39]=-0.648785
  [40]=-0.899569
  [41]=0.372340
  [42]=-0.551442
  [43]=0.839420
  [44]=-0.387411
  [45]=1.340905
  [46]=0.545762
  [47]=1.840728
  [48]=-1.114908
  [49]=0.112516
  [50]=-1.115331
  [51]=-0.583015
  [52]=-0.202208
  [53]=1.522205
  [54]=1.215535
  [55]=0.104603
  [56]=-1.900248
  [57]=-1.275333
  [58]=-0.550448
  [59]=-0.020890
  [60]=0.341838
  [61]=1.258438
  [62]=-0.155045
  [63]=-0.537825
[test] PASS

=== Test Matrix Kernel Batch ===
Initializing random data...
Computing Reference...
Ref Output (Batch 0):
3.565400 -3.080783 -2.178009 3.594211 3.436621 1.526076 3.566168 -3.006341
-1.069796 -0.213463 -6.671176 1.989235 1.796108 -1.326236 -0.216721 0.352344
5.182086 -3.646600 0.064289 3.612628 -5.274771 -1.288111 -4.188414 1.579832
-3.668317 1.052181 0.882257 0.709208 -0.890174 -2.190060 -3.228032 -0.045685
1.324967 -1.130988 5.445202 -7.290582 -3.168244 -0.067253 3.129393 -3.672139
-3.517126 -1.625069 1.278237 1.188200 0.045122 -1.655889 -1.260129 5.175550
-2.853506 -0.299214 -0.769342 -1.708154 0.867792 0.495956 2.889851 -0.573661
0.258478 -1.923312 1.365976 2.959609 -0.870646 -3.388763 -0.626694 -1.934438
0.229627 1.755173 -1.113864 -1.371586 2.603815 -3.709273 -2.574147 0.420199
-1.318579 1.113661 -2.118962 -0.797145 0.079160 -0.275262 -1.429036 -1.199634
1.770325 -0.380323 -2.178813 -0.756100 0.833052 0.203723 0.954914 0.279292
-3.531908 -4.680297 3.459380 -0.965525 1.381689 0.917885 0.719348 2.323834
-0.272258 -0.805882 1.168725 -0.575450 -3.333179 -4.207467 -2.936414 -1.066476
5.610541 2.350068 0.812333 4.223562 -0.057632 1.532325 -5.207241 3.898605
0.434717 0.224969 1.465343 -0.660418 0.906249 -0.279868 -4.627768 -0.208219
-1.263809 -2.102202 -4.961085 2.267336 4.199691 -0.690455 0.458931 0.802007
-3.815157 0.003291 3.024636 -0.369452 2.055365 1.561858 -2.245526 0.913784
-5.361459 0.011417 1.397787 -1.821566 -1.968275 1.901927 -4.248131 1.096220
-4.784442 -0.180685 -1.818587 0.683754 2.156482 -0.451438 1.778757 -3.314613
-1.599312 0.658286 1.752122 2.092762 -1.667267 -0.327362 -3.916911 1.723120
-4.494295 2.930114 -1.381490 -0.886254 5.911624 -1.652648 4.509468 3.936451
0.807402 1.823395 0.168321 2.424260 2.025767 -1.656505 -2.566697 -1.586722
6.889277 6.022071 -1.791536 0.781854 -0.422155 1.633345 -4.795960 -4.210761
-1.520974 -0.332383 -3.972472 3.704293 3.950008 1.948774 1.750438 1.954255
-0.782767 3.049097 -5.230423 -4.660192 -4.444187 -1.832496 -1.540146 1.709731
1.010247 5.101563 1.380775 2.946527 0.693928 -4.141854 -0.082724 5.341002
-2.456257 1.275773 -0.686431 -1.355881 -1.014611 2.809678 3.701845 0.738936
0.878346 0.728194 1.955476 3.214939 4.048621 -0.176824 1.773733 -1.202667
3.117543 1.327146 -2.639511 -2.692576 2.351680 -4.158438 6.439518 -2.035672
1.666104 -1.191228 3.352543 -1.281430 1.484966 0.783503 -5.413005 0.760716
-0.694855 -3.642038 1.998536 -3.172545 -0.052689 -3.193122 3.105698 6.446845
2.890066 6.686564 2.740594 -1.507584 2.210029 -3.366434 3.101558 2.273066
2.122203 2.016323 5.002459 -2.316760 -1.279646 -1.342048 0.371225 1.419481
4.859913 2.449834 -6.465071 -0.139614 -2.871143 1.509578 -1.727439 -1.760273
-4.280235 1.254837 0.050948 0.553729 -0.197383 -1.986872 -2.248595 4.758544
2.063119 1.447120 2.551560 -1.093608 0.499030 4.755372 -0.130085 -1.318877
-0.501236 1.328264 1.574823 -2.417020 -2.250032 -1.686200 2.649288 -0.088584
0.545381 3.365398 -1.367143 1.870672 2.123009 2.547597 2.124213 -1.738213
0.404386 0.734471 -1.969672 1.368251 -0.244204 -2.544671 -1.270916 3.555982
-1.332554 -3.791629 -1.116829 -1.174397 -7.449115 -1.402592 4.208492 3.114574
-1.369070 2.657582 2.219127 -2.821952 -1.164153 -1.411449 6.093489 -1.093624
-0.992386 0.510190 0.355311 -2.629514 -2.492442 -3.758427 4.314167 -0.774578
-5.660933 0.046410 3.202260 1.959947 1.890149 0.536566 -3.273593 2.386206
-1.952377 -1.958409 -0.846147 3.738844 5.374807 -2.054006 4.503686 0.733830
3.108787 -4.362384 -0.003364 -0.204167 -0.851226 1.100140 -3.941643 -8.968263
3.410906 -1.379731 5.056807 3.980183 -3.023299 0.698761 -1.039970 -1.248877
0.075459 1.278669 0.606726 -3.897439 2.684812 1.309723 -1.013700 -1.062412
-4.102163 -6.021885 0.595845 2.880212 -0.844206 -1.851425 -1.475761 -0.863163
2.916123 -1.780278 0.995812 1.336339 -1.399967 3.992716 2.020020 4.140805
-2.564613 -1.955737 -1.458533 0.714794 -3.683465 -4.360505 5.687845 -2.517721
-0.738820 3.883553 1.736375 3.989491 3.777633 -2.319556 -3.956383 -1.086127
2.601609 -0.229370 0.539394 0.163447 4.941539 5.840611 2.532259 1.176465
2.317305 -1.177421 2.174101 -1.030229 -1.664819 -5.343613 0.573186 -0.207686
-2.434459 -1.675960 2.898534 0.017011 1.676296 0.979221 2.256054 -1.848371
2.910468 4.389850 -4.201549 -1.142188 0.012965 6.164267 0.988182 3.753762
0.789077 0.794422 0.368479 1.172920 -1.454431 -4.725263 3.475723 -0.938903
-3.112207 1.661709 -0.998177 -0.111323 -1.883782 0.447048 3.478390 0.848728
-1.338646 0.416594 -4.696715 1.171470 -4.997488 2.151635 1.127359 2.089469
7.514404 0.642299 2.536581 -0.391388 1.314109 -3.446861 0.275011 -3.121254
0.868997 -3.018916 2.776371 -3.075491 0.183346 -1.881891 -4.140038 -2.478154
-2.997488 -5.299442 1.162948 -1.551135 -2.214577 -1.608614 -1.980246 0.201844
2.850817 0.134560 2.008062 -3.576047 3.134300 0.395070 -1.849182 2.024941
-5.057639 -0.841334 3.646308 1.014710 4.023750 -2.666749 2.289484 -0.396925
-4.001859 3.280744 -0.680676 -0.093835 -7.806391 -2.044732 -2.944495 -2.837386
4.691691 1.146198 -1.881147 -1.653466 2.512759 2.296397 -4.656591 -5.695292
2.883062 0.052669 4.326460 -2.488640 -4.023359 -4.434340 -6.578353 2.900557
5.917042 -0.035252 1.550307 -3.109415 0.771872 0.155402 4.984692 0.142836
0.132013 -5.118402 -1.804190 1.809905 -0.912050 0.570507 2.785971 -5.191037
-10.264532 -4.144894 1.667956 -4.211524 -0.502146 0.693094 -0.711824 -2.422455
-1.695106 -3.060471 -4.217993 -0.680243 0.887813 2.964888 1.324796 -1.278594
5.912922 -4.282973 4.775767 2.438622 2.790534 0.476205 -3.918173 -1.828238
4.737769 3.270684 0.737414 1.001990 -0.770059 1.382765 -1.418193 4.090131
-1.059069 -2.143090 0.827755 -1.052329 4.677520 -1.934975 4.470058 -0.085967
-4.313604 2.475510 2.262486 1.926775 -1.449094 -3.450610 -1.232655 -1.227394
1.997445 -8.023862 -2.397100 -4.423153 1.323509 2.495283 -4.673115 0.531310
-0.955584 3.973509 0.511929 -3.033106 -2.361042 -4.410061 -0.123316 2.695814
1.891614 -0.213717 1.854097 -2.744717 -1.363998 1.706697 2.422424 -3.375622
-2.573639 -2.990058 -2.045805 6.096342 -1.132172 -2.605523 -2.643505 1.358657
-5.570465 -1.540726 0.609061 -4.421749 5.129669 0.484652 -0.727803 -1.716462
2.675149 -7.198530 -1.765083 -1.094504 1.385562 0.007495 4.763384 -0.967880
-1.884843 -3.684115 -3.068412 2.518826 -1.066699 -3.983263 -3.244924 0.687834
-3.238647 0.492464 -4.816554 -1.277609 5.446650 9.117311 -2.727063 -2.374493
1.137622 -1.485163 -3.313664 3.049502 3.162869 -3.317925 4.057460 -2.361942
0.584207 -1.403708 -0.164793 -1.541361 -2.649426 -0.834340 -1.458523 -0.776655
2.661781 0.128412 -0.287643 7.366306 -0.683000 -2.439833 2.943983 3.559102
-0.350495 0.230695 1.755293 4.472216 4.429961 -5.811313 -0.014897 -3.930075
-0.239073 -0.540488 -2.323397 -1.157218 4.971662 0.754417 0.385790 -3.034875
3.507030 -0.341591 -0.923669 -7.714407 -2.170887 -0.236427 2.979500 2.153937
2.222372 -0.481036 -2.622516 -1.993668 -3.436394 2.324350 -0.770878 1.258559
-1.626649 -2.210835 -8.125684 0.090572 0.115260 -1.370203 -4.655873 0.351468
1.645509 3.273052 -2.040793 -0.167875 -2.329785 -0.752561 -3.557645 0.016554
0.146184 2.932739 0.453854 -3.279216 -1.093482 2.289553 -0.122089 4.856212
0.674851 -0.157679 -0.484627 -2.023119 0.730482 5.965884 -0.643570 -2.038701
6.415740 3.681178 1.124410 -4.160800 -0.993554 0.490141 -0.420960 -0.508259
-0.612248 -0.029823 -1.067073 1.478034 -3.451831 0.843998 1.275051 1.377826
3.185137 -1.253463 1.563761 2.160370 1.571016 0.952817 -5.840507 2.304822

Computing HW Batch Kernel...
HW Output (Batch 0):
2.377091 -0.670327 -7.266679 -1.099190 4.072011 1.123294 3.559856 -1.910743
-0.935612 -2.442122 -3.434482 1.989235 -2.710470 -3.213007 0.659170 -0.249558
7.541366 -1.297257 -1.259316 6.689853 -6.212572 -3.845493 -4.202787 1.457494
-2.606049 1.084615 4.452680 2.202022 -2.404530 -2.221560 -5.372387 0.687217
-2.882347 2.180462 5.003955 -8.833064 -4.196221 -0.437569 0.507877 -4.144590
7.869554 -4.528481 2.425673 1.211312 -1.499218 -1.831354 -1.260129 2.573069
-5.026313 -2.509717 0.515631 -7.617913 1.416869 4.904955 3.285511 -0.022467
-1.678335 -0.138735 3.817148 5.003731 -0.870646 -4.334326 -1.876485 -1.934437
0.229627 3.499025 -2.667772 -1.284700 -0.443229 -5.236356 -6.583801 -1.800645
1.807969 3.384981 -3.162907 -3.977270 1.146477 -3.753534 -0.869311 -3.225363
2.465502 -1.052292 -6.520795 1.025494 2.010065 7.272257 -1.793963 2.754323
-4.133981 -5.224406 3.601171 3.708020 3.484779 3.325352 -0.312090 4.137173
3.084172 0.308697 3.176816 1.458848 -4.181041 -8.693856 -2.748610 -1.066477
3.170432 3.292463 0.258164 2.082558 -0.057632 3.936314 -1.167419 1.246145
-2.954764 0.765848 -1.412560 -0.003262 5.074652 -2.503242 -4.580770 1.423729
2.129451 -3.949755 -3.108604 4.802628 6.766192 -2.849038 0.566656 4.162793
-4.121791 -3.585484 5.767292 -1.516237 3.304263 3.268248 -0.396065 3.218671
-5.146575 -1.663806 -2.008672 -2.787159 -0.803578 0.551650 -2.745231 2.286114
-4.731271 -5.955957 3.229301 -1.693337 -0.347660 6.857649 4.767602 0.808832
-1.599312 0.894594 3.311874 1.363144 -1.852588 -1.916627 -1.700735 -0.733180
-6.646028 2.930115 -0.641561 -1.353471 5.706771 -4.656953 3.673243 3.729102
4.042122 2.291440 0.168322 3.343234 0.832297 -1.795786 0.123204 0.383044
6.218435 9.677289 -0.680828 5.613885 -2.059197 1.274797 -9.162210 -5.864155
0.857780 -0.552854 -2.829879 2.412478 7.201327 2.720676 -8.860914 0.306971
-2.005652 2.705218 -5.901709 -1.346801 -6.288111 -2.645911 -1.322500 2.519885
-0.259424 8.227276 1.525162 -0.974444 0.847172 -3.122106 -3.199756 4.054303
-3.308553 2.001188 1.421539 2.829179 -5.948606 0.696751 3.869817 1.121120
-0.121755 -0.031288 2.232353 4.806854 6.414125 4.964960 0.208483 3.226309
2.860338 -0.300392 -1.830070 -3.069241 1.513469 -2.492805 8.781965 -1.107157
3.794363 -0.414353 1.180633 -2.971864 3.650609 2.106689 -6.263433 -0.819081
1.950995 -4.295597 -2.025902 -3.978066 -1.124427 -3.707040 3.906693 4.976482
-0.378087 3.736679 2.671451 1.851569 2.320114 -6.113862 3.982977 3.478360
3.823528 -4.317839 7.681170 -2.617143 -2.875758 -2.745859 -0.514921 2.291084
3.188855 3.316007 -6.465072 1.560598 -2.092557 1.776306 0.383245 -2.753864
-5.810018 0.984307 1.141673 -0.319942 1.155450 -1.610913 -3.585211 6.170177
3.009970 0.475594 0.740059 0.196143 1.125678 6.665128 -4.317997 0.760130
-1.413317 1.328263 1.246297 -4.652917 -2.363388 1.698970 2.649289 -1.668728
1.304652 3.185915 -2.678498 0.780864 0.245356 5.134368 0.942264 -3.845986
-1.062244 -1.910545 -2.195390 3.802513 1.752378 -3.148000 -0.978664 2.787765
-2.182258 -5.224002 -1.605248 -4.407875 -8.967553 -1.038285 1.297136 4.447625
0.160445 -0.682194 1.540991 -9.108013 -1.296310 -1.729275 6.265664 3.103184
-1.188684 -0.050185 0.824153 -15.904288 -1.433052 -1.694848 6.382184 -3.269923
-6.022703 -1.601791 2.554193 1.739960 2.578707 -2.109814 -3.163814 3.000894
-3.696243 -2.383225 -0.580226 4.901303 6.491089 1.491688 2.647814 1.913616
3.108786 -3.668654 -0.383669 -2.404991 -3.216733 1.100140 -5.632596 -11.058847
3.882435 -1.792810 3.186407 3.459715 0.130835 1.012894 -2.565628 -1.248877
3.770476 -0.914700 1.088335 -3.897439 2.684812 -0.072235 -3.293252 -0.347077
-6.339053 -6.530155 -6.013292 1.864450 -3.936390 -2.169341 -3.105979 -0.032999
2.364110 -3.498635 -0.072717 -0.154603 -5.930252 9.210409 3.703921 4.140803
-4.283617 -0.364944 -1.737776 0.736197 -3.343297 -3.742929 7.075634 -4.328821
2.133011 1.410289 -3.603611 5.701916 6.116248 -1.849510 -5.290125 -1.624234
3.596087 -0.814216 -1.466187 -0.015027 4.126267 5.909811 1.422656 2.096569
1.338202 -1.306021 2.304310 -3.608404 -1.664818 -5.698750 1.461044 -1.150322
-0.973905 2.519398 1.953758 0.747560 0.515534 1.458830 2.315811 -1.290815
1.092194 2.945315 -10.734129 -3.462018 3.934408 5.423915 2.485657 6.562023
1.895145 1.149401 1.406817 1.172920 -1.454433 -2.774122 1.951395 3.201820
-3.534433 0.879069 -1.422707 0.155343 2.704856 0.130038 2.940017 0.655394
1.171900 3.061640 -5.156310 3.064327 -3.193772 3.098265 1.127359 5.643977
5.197549 1.718320 6.908265 -2.250737 1.314109 -5.429545 -3.895408 -3.069733
0.642557 -1.915584 7.798038 -4.048494 -0.891503 -2.895753 -3.299347 -4.377978
-2.717634 -2.837668 0.822553 -4.216791 -1.832190 3.205618 -3.848777 -3.788168
2.505943 -5.750389 2.247466 -5.759961 2.899175 -0.343242 -1.849182 1.440830
-3.521463 1.271294 5.874446 1.014710 3.864423 -5.125045 -2.089979 -1.262458
-5.116341 3.845559 -0.680676 -0.609304 -4.011856 -4.666131 -3.910441 -3.390965
4.549750 -1.222866 2.001073 -2.638914 3.179423 4.956452 -4.954453 -8.076506
1.962642 0.514965 4.053049 0.423858 -4.540602 -4.582156 -4.715018 2.900556
4.696527 -2.811487 -1.570568 -4.751313 1.560585 0.548010 5.553073 -0.277932
0.132014 -4.626525 -2.170103 3.178640 -3.040049 3.250100 2.785970 -7.286286
-7.372889 -6.207681 1.125489 11.883983 -0.502147 0.693094 -0.711825 -1.083444
0.160577 -3.060470 -2.091713 1.341153 1.575280 4.394753 -0.000650 0.309551
5.985337 -3.100524 5.918637 6.248579 4.230507 0.523257 -2.927129 -1.291237
4.330730 4.343120 1.206638 4.442039 -2.258274 9.775678 -3.555985 4.090132
-1.059068 -0.335984 5.352813 -0.453002 4.496346 -2.464729 5.225660 -3.289831
-3.614898 0.027024 2.394141 5.273586 1.131533 -3.400579 -1.232655 -1.227394
2.411291 -8.387294 -4.044897 -4.959707 -0.311585 2.992347 -6.768992 2.961425
-0.270234 11.225662 -0.014591 -0.985127 0.250702 -4.331481 -2.755235 2.695814
1.891614 -0.091941 -1.613617 -2.393657 -2.252160 0.665580 3.808258 -8.167975
-3.460451 -4.828674 -0.738033 5.623194 0.926620 -1.982526 1.192272 5.663220
-5.570465 -0.126713 -1.363931 -7.753800 4.745253 -1.883414 1.379768 -2.057593
2.621441 -6.004741 -0.891876 -3.555589 -0.726966 0.546296 4.958131 -8.396958
-5.274673 -3.684114 -2.927269 1.436089 -0.928206 -3.238565 -3.499175 0.307846
-2.627522 2.665537 -6.522979 1.787725 8.807458 9.349316 -2.727062 -4.319424
0.666560 -3.137488 -4.419480 3.049503 4.005740 -6.670859 3.422575 -4.440351
-1.328441 -1.403708 -0.164793 -2.728482 -3.537193 -0.777520 -2.247510 0.780099
-4.930301 -2.305506 -6.251246 4.653732 -0.536960 -2.789814 1.511113 3.086753
-0.076172 -1.692551 3.113897 4.741008 3.196001 -7.043162 0.994497 -3.930075
-0.582187 -0.755581 -2.730122 0.814268 3.379125 0.754417 -1.935189 -0.403030
7.711077 1.314438 -0.172160 -10.953989 -5.743865 -1.901866 3.170942 2.566805
0.865812 -0.005270 -2.622515 -0.077275 -3.730222 1.957177 -4.287628 1.258559
-2.075871 -2.210835 -9.158223 0.090572 -4.603389 0.090460 -4.509123 2.154519
-2.683089 0.822613 -0.835253 -1.960599 1.709064 -6.358807 -4.172580 -0.509604
-0.755835 2.836536 5.055275 1.644918 -1.197518 3.839079 -1.108315 7.846256
0.988112 1.257945 -1.139479 -5.994722 -6.163600 5.965881 0.534932 -4.289855
7.996960 1.270323 1.280791 -2.130765 -4.462630 4.789695 -1.445808 -1.635338
-6.776258 -5.971451 -1.067072 5.720379 -4.918920 -2.419295 2.138185 2.137356
4.216261 1.175328 1.238077 2.470850 -0.460313 2.081073 -6.235767 3.011034

Verifying...
Max Error: 160955 * 1e-4
[FAIL] Mismatch found.
Total failures: 2671
